No annotation file found for test_images\000f8d37-d4c09a0f.jpg

Results for test_images\000f8d37-d4c09a0f.jpg (ONNX, CPU):
bboxes of detected objects: [[0.         0.5034133  0.         0.9808059 ]
 [2.004843   0.7221519  1.7833787  1.2130951 ]
 [1.0707445  0.         2.7684736  1.2626778 ]
 ...
 [0.         0.4086821  0.3526062  0.15345718]
 [0.8151804  0.34555095 0.12578306 0.24127   ]
 [0.5545138  0.7624017  0.51977575 0.08283496]]
scores of detected objects: [8.066271   7.7337303  7.5345078  7.3110447  7.147751   6.9588366
 6.8989897  6.715192   6.689245   6.633705   6.593396   6.468071
 6.427742   6.3563976  6.2761106  6.2587442  6.220071   6.113555
 5.9232006  5.878071   5.837585   5.781488   5.7718344  5.7219496
 5.7215405  5.654357   5.6195765  5.613841   5.5994587  5.5608883
 5.5252113  5.4583845  5.420396   5.3827224  5.3453493  5.3152375
 5.277387   5.2680044  5.242526   5.21416    5.1884623  5.1199236
 5.1094713  5.0993557  5.0319614  4.9913344  4.988427   4.9828696
 4.9687514  4.939216   4.9290905  4.831572   4.8139296  4.7819643
 4.7587075  4.685186   4.679079   4.675621   4.66805    4.662878
 4.650098   4.642787   4.6408186  4.5969     4.596072   4.590197
 4.5827866  4.546225   4.5363073  4.5234203  4.4778724  4.466076
 4.452022   4.4322863  4.4166613  4.4060473  4.3796616  4.373272
 4.366614   4.366094   4.3641787  4.3305106  4.328976   4.2781363
 4.2727804  4.2356553  4.227751   4.20366    4.1855564  4.129374
 4.1277075  4.085844   4.0699167  4.066315   4.0555515  4.027673
 4.0113125  4.0003433  3.9951835  3.9848619  3.962614   3.9383092
 3.906973   3.8964095  3.8806615  3.8763895  3.874354   3.8710256
 3.8611832  3.8606434  3.859964   3.8249722  3.8186793  3.8105783
 3.794468   3.7782679  3.7724514  3.759972   3.7588215  3.746152
 3.7424922  3.7220917  3.720354   3.718934   3.7094193  3.6537805
 3.650714   3.6412878  3.6396818  3.6237063  3.610403   3.6078267
 3.6033974  3.5853896  3.5830197  3.563325   3.5598679  3.5558214
 3.552328   3.5429678  3.5402048  3.5131977  3.5058484  3.4962916
 3.4926043  3.489996   3.4852295  3.4808865  3.4803596  3.4582567
 3.430354   3.4277987  3.4215841  3.4145198  3.3851275  3.3846588
 3.3690844  3.3609686  3.3589516  3.355723   3.3356123  3.3333774
 3.3114362  3.3003488  3.2871666  3.284885   3.2757845  3.2753377
 3.2571435  3.2386098  3.2234306  3.2198849  3.2014308  3.1916213
 3.169324   3.1577764  3.1561632  3.1427155  3.0814538  3.0751152
 3.0696402  3.0444474  3.0430593  3.0313811  3.0136743  3.0050101
 3.0014653  2.9927144  2.9841232  2.9836984  2.9746027  2.9648829
 2.9626608  2.9514742  2.9466772  2.942338   2.9352427  2.9195662
 2.916099   2.8705068  2.8684435  2.8654552  2.8322506  2.8285785
 2.8264475  2.8236022  2.818987   2.814382   2.7873182  2.7856627
 2.7809424  2.755494   2.7515798  2.7459865  2.7383418  2.7367964
 2.7249694  2.724842   2.7240381  2.722703   2.722505   2.722042
 2.7174873  2.7097406  2.7061691  2.6955528  2.6918817  2.6907806
 2.6855311  2.678145   2.6767025  2.674324   2.6571379  2.6494584
 2.6445374  2.6376114  2.612568   2.6064816  2.6011262  2.596425
 2.5901704  2.5816913  2.5625572  2.551075   2.5455647  2.5356264
 2.535026   2.5327978  2.5298042  2.5282335  2.527452   2.5221434
 2.5069342  2.4979248  2.4957094  2.4818387  2.4777184  2.4677553
 2.456643   2.4499598  2.444497   2.4240441  2.4171119  2.4115095
 2.4102669  2.4094872  2.3995748  2.3892746  2.3798695  2.3740826
 2.3602643  2.3326635  2.3224263  2.3129492  2.311092   2.3045588
 2.2932673  2.281043   2.2591558  2.2575185  2.2549572  2.2542372
 2.25423    2.2474937  2.2329879  2.2318106  2.2267938  2.2176785
 2.2176394  2.2073178  2.2044752  2.2024918  2.1857538  2.1841054
 2.17934    2.1651733  2.151094   2.1508813  2.1451359  2.1352038
 2.1339602  2.1303449  2.12672    2.1262054  2.1198478  2.117101
 2.1170783  2.1022878  2.0967102  2.0856757  2.0772042  2.074781
 2.0745323  2.0716228  2.0673757  2.0662498  2.058175   2.0491962
 2.0470057  2.0280986  2.0268207  2.024581   2.0243907  2.018932
 2.0135121  2.006289   2.0061855  1.9902105  1.9881186  1.9803314
 1.9772131  1.9720454  1.9709587  1.965862   1.9657135  1.9646316
 1.9637976  1.962991   1.9610984  1.9598339  1.9598136  1.945791
 1.9390497  1.9353452  1.9278979  1.9271564  1.9258375  1.9185061
 1.9114966  1.89328    1.8868847  1.8864493  1.8822885  1.8803186
 1.8782723  1.8689327  1.8587828  1.8547797  1.846726   1.8453708
 1.8310919  1.8280535  1.8273687  1.8136547  1.808238   1.8026428
 1.7993989  1.7943196  1.7911539  1.7856736  1.7809944  1.7714343
 1.7698212  1.7648182  1.7573137  1.7444568  1.7380066  1.7206144
 1.715558   1.7043633  1.6993628  1.6984878  1.6921618  1.690556
 1.6899538  1.6889315  1.6832399  1.6644325  1.6509204  1.6473835
 1.6437538  1.6433399  1.6411052  1.6365371  1.6337132  1.6328201
 1.6272309  1.6231251  1.6205239  1.615732   1.6130626  1.6122532
 1.6115005  1.6112595  1.608882   1.6029637  1.596313   1.5943456
 1.5911928  1.5910499  1.589473   1.5843675  1.5832791  1.5789597
 1.5781612  1.5766292  1.5764294  1.5762193  1.5746841  1.5703223
 1.5696163  1.5687447  1.5660541  1.5657761  1.5634441  1.5596294
 1.5594478  1.55561    1.5549717  1.5536408  1.5454934  1.5382268
 1.5366611  1.5256813  1.5175965  1.51437    1.5095508  1.5061278
 1.5034115  1.4984848  1.4955342  1.4805765  1.4792562  1.4695249
 1.46309    1.4518051  1.4500363  1.4490316  1.4471798  1.445293
 1.4422493  1.4376664  1.437087   1.4314847  1.4288659  1.4275007
 1.4133444  1.4132504  1.4121919  1.4036474  1.3946514  1.3922997
 1.3902147  1.3898411  1.3853476  1.3831463  1.3797944  1.3739958
 1.3634639  1.3607621  1.3550985  1.3536115  1.3524761  1.3470483
 1.3442276  1.3441999  1.3422     1.3407974  1.3321996  1.3297467
 1.3252716  1.3208456  1.3182497  1.3120437  1.307384   1.3035002
 1.3023217  1.3019822  1.2919636  1.2909784  1.2905667  1.2862163
 1.2850366  1.281908   1.278475   1.275033   1.2733021  1.2568941
 1.2511373  1.2453039  1.2422521  1.2421751  1.2405071  1.2342501
 1.2304139  1.2284999  1.2212887  1.2199488  1.2096229  1.2070174
 1.2051897  1.2004538  1.192133   1.1869321  1.1847262  1.176058
 1.1745088  1.1736722  1.164823   1.1610234  1.1569464  1.1467423
 1.140393   1.1388402  1.1373119  1.13503    1.1331713  1.1328444
 1.1260507  1.1226277  1.1195252  1.1180682  1.1077325  1.1074774
 1.104393   1.1031797  1.0916862  1.0820687  1.0734282  1.0676391
 1.0620792  1.0591292  1.0578398  1.057549   1.0566385  1.0543959
 1.0541627  1.052952   1.0492964  1.0395086  1.038348   1.0380068
 1.0367749  1.0323043  1.0318322  1.0280411  1.0257788  1.0227349
 1.0206802  1.0193017  1.0143728  1.0142512  1.0121031  1.0076864
 1.0009875  0.9985697  0.99837303 0.9743657  0.97070146 0.96732306
 0.9671817  0.95262575 0.95202565 0.94512296 0.93770957 0.9365034
 0.9297104  0.92808175 0.9258666  0.9147625  0.9139681  0.91039467
 0.9018192  0.9006393  0.90049505 0.8999038  0.89963746 0.89427686
 0.87842226 0.8771565  0.87591267 0.87460804 0.8718891  0.8678653
 0.86711764 0.864861   0.8607774  0.84603596 0.8445201  0.84384847
 0.84354496 0.8415432  0.84028554 0.83691597 0.8281479  0.82095313
 0.8207474  0.8202326  0.81415296 0.80889654 0.8049321  0.8024659
 0.7995293  0.79722214 0.79451704 0.79002476 0.78796387 0.7850988
 0.78367615 0.78177524 0.77957153 0.7743883  0.77161074 0.76857424
 0.7652447  0.76311255 0.7617464  0.7609503  0.75936174 0.75842285
 0.7439554  0.7436862  0.72893405 0.72742987 0.7210231  0.7186637
 0.7087934  0.7017698  0.69559836 0.6927366  0.6910138  0.6907854
 0.68930316 0.6879487  0.68709755 0.6865268  0.6842482  0.67870855
 0.6757517  0.6746602  0.6597557  0.65693927 0.6540468  0.6407416
 0.6377709  0.63371396 0.6294799  0.62762856 0.62586445 0.6220403
 0.6144066  0.6120994  0.60765576 0.60760784 0.60728645 0.60430455
 0.60269594 0.6021085  0.59990454 0.59832454 0.59557605 0.5953779
 0.59001017 0.5897939  0.5895202  0.58119583 0.57983303 0.5797193
 0.5783744  0.5753412  0.5685756  0.5672307  0.5651245  0.5522785
 0.53929305 0.53827333 0.53153753 0.5302007  0.52957535 0.5285964
 0.5272405  0.52723074 0.5269184  0.5247791  0.52379966 0.5207851
 0.51851463 0.513268   0.51082397 0.5025382  0.5014353  0.50132203
 0.497463   0.4956844  0.4915583  0.49081564 0.49041057 0.4876864
 0.48527598 0.48381352 0.48017645 0.4762602  0.47195673 0.4719169
 0.47166562 0.4709804  0.46743035 0.46485448 0.4644158  0.46223974
 0.46122217 0.457417   0.4549966  0.45094132 0.45049882 0.44733953
 0.44676876 0.44254875 0.44228077 0.43867064 0.43847132 0.43790793
 0.43753052 0.428576   0.42290998 0.4188161  0.4168074  0.4155724
 0.41393256 0.40942645 0.4060967  0.40172577 0.3978008  0.39520478
 0.3892038  0.38917685 0.3881936  0.38797903 0.38754082 0.380399
 0.37383223 0.36828947 0.36667144 0.36613464 0.3639567  0.36119294
 0.35743546 0.35371637 0.34941053 0.34708214 0.345294   0.340338
 0.33637643 0.33410645 0.3320918  0.33199406 0.32535505 0.32103586
 0.31466722 0.31316662 0.31155777 0.30980158 0.3097644  0.30923104
 0.30745053 0.3016615  0.3014512  0.29914474 0.29637837 0.2920456
 0.2894622  0.2889986  0.28659034 0.28366756 0.27241135 0.26939273
 0.2667308  0.26406527 0.26403546 0.26261377 0.25676823 0.25589514
 0.25354004]
Details of detected objects: [2 2 2 2 2 2 2 0 2 2 2 2 2 2 9 9 2 2 2 0 2 2 2 0 9 2 0 2 9 8 0 0 2 2 2 2 9
 2 2 9 9 2 9 0 2 2 0 2 2 9 0 9 2 0 8 2 2 0 9 9 9 2 9 2 2 2 9 0 0 9 9 9 9 2
 2 2 9 2 2 9 9 0 0 9 0 2 2 2 0 9 2 2 9 0 2 9 9 9 9 9 0 2 0 9 8 9 2 2 0 9 2
 9 9 0 8 2 9 0 9 0 9 9 2 9 8 9 0 0 9 0 9 9 9 9 9 9 0 2 2 9 2 2 2 9 9 2 9 8
 0 9 9 9 9 0 8 9 9 8 9 0 9 9 0 8 2 0 8 9 9 9 9 0 0 0 9 9 2 9 0 2 9 2 9 8 9
 8 9 9 9 2 9 9 0 9 9 4 9 9 0 0 9 0 9 9 8 8 9 2 8 2 9 9 9 8 0 0 9 2 0 0 2 9
 9 2 8 2 9 2 9 0 4 9 2 2 9 9 2 2 2 9 9 9 9 2 0 2 2 9 0 9 2 9 2 8 9 9 2 9 2
 9 9 9 9 8 0 2 0 9 9 8 2 9 8 9 9 9 9 9 9 2 9 9 9 0 9 9 2 9 9 9 2 0 2 9 2 2
 0 9 9 9 9 2 9 9 2 2 2 9 9 2 9 9 2 9 9 9 2 8 9 9 9 9 9 2 9 9 9 8 9 8 2 9 8
 2 9 0 9 2 2 2 0 2 9 9 9 9 2 9 9 2 8 0 9 9 2 2 9 9 9 2 2 9 9 2 8 9 9 2 9 8
 9 2 9 0 9 0 9 9 9 2 2 9 2 9 9 2 9 9 9 9 2 9 8 4 9 8 2 0 9 2 2 0 9 2 8 2 2
 0 2 2 2 9 0 9 9 0 9 2 8 2 9 9 2 9 2 2 9 8 2 8 9 2 9 8 9 8 9 8 9 9 8 2 9 9
 9 2 9 8 2 8 9 9 9 0 9 9 9 9 9 9 9 2 8 2 9 8 9 8 9 8 2 0 8 2 2 2 9 9 0 9 9
 9 9 9 9 9 9 9 2 8 8 9 9 2 2 9 0 2 8 9 2 8 9 2 2 9 9 0 2 0 2 4 9 9 9 9 0 8
 9 9 9 2 9 8 2 2 9 9 9 9 9 2 9 2 0 9 2 9 9 2 9 2 2 9 9 2 9 9 9 9 9 9 8 8 9
 9 9 9 9 9 9 9 2 9 0 9 9 8 9 9 9 9 2 2 9 2 2 9 9 9 2 9 9 9 2 9 2 9 2 2 9 9
 9 8 9 9 2 9 9 0 9 8 9 2 9 2 2 8 9 8 9 9 8 2 9 8 9 9 9 9 2 8 9 9 9 8 8 2 9
 9 9 9 9 9 9 2 9 4 8 9 8 9 9 8 9 9 9 0 9 9 9 9 9 9 2 0 2 9 2 9 9 8 9 9 9 9
 3 9 8 0 9 9 9 2 2 9 9 2 2 3 9 9 2 9 8 8 9 8 3 9 2 9 9 9 2 9 8 2 9 9 9 2 9
 8 9 9 9 8 3 9 9 9 9 9 9 9 9 2 8 8 2 9 9 8 9 2 9 2 8 2 9 9 9 9 9 9 9 9 8 9
 2 3 2 2 2 9 9 8 9 3 3 9 2 2 8 9 9 8 9 2 0 3 9 9 9 9 9 9 0 2 9 2 9 9 9 9 2
 8 9 2 2 9 8 0 9 3 9 9 2 9 9 9 9]
Pre-processing time: 0.0030 seconds
Inference time: 0.0168 seconds
Post-process time: 0.0132 seconds
Total run time: 0.0351 seconds
Performance: 28.5222 FPS
 
No annotation file found for test_images\00a2e3ca-62992459.jpg

Results for test_images\00a2e3ca-62992459.jpg (ONNX, CPU):
bboxes of detected objects: [[0.978626   0.16206214 0.54643965 0.06129989]
 [2.6562042  0.         2.14466    0.        ]
 [0.33567724 0.         1.243172   0.38847834]
 ...
 [0.19040957 0.4150042  0.03204212 0.2637989 ]
 [0.30935806 0.38839865 0.23035784 0.06133574]
 [0.51711833 0.4920233  0.07843399 0.5420813 ]]
scores of detected objects: [7.6385117  7.455221   6.8874454  6.7230225  6.712942   6.6717196
 6.648613   6.61366    6.447727   6.3119135  6.2390776  6.2220116
 6.2005587  6.1396427  6.1334257  6.12434    6.086626   5.9871864
 5.9306717  5.8946314  5.8305664  5.824115   5.789751   5.7848606
 5.7565756  5.7092624  5.5748796  5.548991   5.539812   5.524495
 5.514508   5.400742   5.3848248  5.375084   5.368938   5.3603516
 5.347776   5.3338833  5.326673   5.2980537  5.24435    5.216496
 5.2164354  5.187699   5.1856112  5.1589813  5.122122   5.106204
 5.0918703  5.082671   5.079791   5.039589   5.025053   5.021479
 5.014901   5.001872   4.986546   4.980366   4.943108   4.897096
 4.8759947  4.8383865  4.812063   4.7887425  4.785783   4.782255
 4.742797   4.7424164  4.736139   4.7169676  4.7153397  4.705476
 4.6525025  4.6119585  4.598482   4.576189   4.569199   4.5677013
 4.54484    4.5220337  4.508019   4.5024276  4.4348736  4.434795
 4.39925    4.398982   4.395399   4.386415   4.383329   4.354438
 4.2853007  4.2464156  4.2371016  4.226523   4.2239428  4.2116566
 4.2089024  4.1993694  4.197011   4.196327   4.185287   4.1720357
 4.155799   4.1491413  4.1338344  4.115105   4.0987344  4.065784
 4.0407405  4.026533   4.0119076  4.0014415  3.9770546  3.9571438
 3.9425073  3.9139051  3.9112988  3.9109483  3.8982239  3.8880115
 3.8792658  3.8682923  3.8594675  3.858307   3.851499   3.8344579
 3.8235383  3.8146172  3.8052926  3.7895536  3.787746   3.766724
 3.7613106  3.7497282  3.7456088  3.679288   3.671791   3.6712346
 3.6647272  3.657096   3.653512   3.6401057  3.6194267  3.6180644
 3.6122508  3.589312   3.529666   3.5056214  3.4994273  3.4709215
 3.464281   3.4481707  3.445014   3.443431   3.4041939  3.3895574
 3.3787556  3.3725767  3.358482   3.353363   3.3496046  3.3259392
 3.318038   3.317327   3.2778397  3.2710009  3.2708235  3.2485404
 3.2401857  3.2350507  3.2181892  3.202755   3.168579   3.1682389
 3.1459942  3.1280398  3.1248775  3.1175838  3.111291   3.1107426
 3.108179   3.1045713  3.1026402  3.09692    3.0870676  3.0665321
 3.0642548  3.0611181  3.0561461  3.0387278  3.0346313  3.0296292
 3.0262165  3.0167117  3.0006208  2.9661746  2.9590445  2.9508467
 2.9508286  2.9421577  2.898714   2.8921146  2.887444   2.8740807
 2.8724928  2.8697677  2.863006   2.8503466  2.8473496  2.8213425
 2.8040018  2.8019195  2.793315   2.7908592  2.781207   2.7777596
 2.7732477  2.760994   2.7484894  2.7378888  2.7334385  2.7295632
 2.7270803  2.7211618  2.7171407  2.6967897  2.6957936  2.6872392
 2.6709394  2.6702566  2.6667185  2.6625915  2.646185   2.622239
 2.614809   2.6146116  2.6052475  2.6051764  2.6047106  2.5992455
 2.570817   2.5678048  2.5439067  2.5437074  2.5427685  2.5366883
 2.5336056  2.5242555  2.517963   2.5114536  2.502026   2.4988103
 2.495072   2.4946065  2.4940677  2.4929142  2.481628   2.472252
 2.4678397  2.461719   2.461093   2.4605575  2.4467783  2.4461427
 2.423482   2.418509   2.412716   2.4103622  2.4028773  2.3978634
 2.3822055  2.377441   2.3697767  2.3646388  2.3627563  2.3510342
 2.3416667  2.3395872  2.3200195  2.3165064  2.3084192  2.3069558
 2.2822547  2.2717633  2.2580009  2.2517638  2.2487621  2.233478
 2.2304587  2.2287219  2.2281208  2.2260394  2.222783   2.2192435
 2.2167559  2.206706   2.2022004  2.2014194  2.1858287  2.1823993
 2.1728315  2.1548977  2.1533961  2.1527786  2.1488216  2.1381173
 2.1377358  2.1353967  2.1269298  2.1081486  2.1032662  2.100007
 2.094777   2.0862422  2.0829897  2.0723615  2.0671687  2.0652065
 2.0600376  2.0502353  2.045248   2.0429153  2.0380192  2.0348382
 2.0315876  2.0277352  2.0195184  2.0179386  2.0168142  2.0159235
 1.9993315  1.9963613  1.990603   1.9905362  1.9884491  1.9863639
 1.9856153  1.9626255  1.9611773  1.9611039  1.9571571  1.9511929
 1.9459381  1.9375982  1.935857   1.9284058  1.9221382  1.9168601
 1.913876   1.910995   1.9033561  1.8977499  1.8969929  1.890192
 1.8823018  1.8682575  1.865705   1.8645916  1.8601394  1.8592978
 1.8469496  1.8444676  1.8432503  1.8363862  1.8350525  1.8309841
 1.8132005  1.8089457  1.8066444  1.8027608  1.8009434  1.7989073
 1.7966645  1.7938194  1.7850747  1.7840343  1.7799697  1.7678919
 1.7644787  1.7632155  1.7481389  1.7467928  1.7422175  1.7372992
 1.7367802  1.7342694  1.7268038  1.7230301  1.7193284  1.7129998
 1.710504   1.7084522  1.7048457  1.7035336  1.7022519  1.700469
 1.6984806  1.688884   1.6790276  1.6783564  1.6725047  1.6724858
 1.6610928  1.6412406  1.6191185  1.6131392  1.6094604  1.6089602
 1.5982196  1.5961165  1.5954347  1.5861197  1.5781782  1.5743308
 1.5722747  1.5704875  1.5643754  1.5612867  1.5570426  1.5536766
 1.5529146  1.551117   1.5475383  1.5382156  1.5341239  1.5330582
 1.5184681  1.5102298  1.5093756  1.5093265  1.5089238  1.5066373
 1.4962683  1.4962068  1.4920349  1.4884195  1.4861159  1.4806917
 1.4773829  1.4642456  1.4639013  1.4624     1.4531314  1.4433508
 1.4396672  1.4248018  1.4245229  1.4162328  1.4147296  1.4118767
 1.4086483  1.4057369  1.3994565  1.387048   1.3865843  1.3760548
 1.3722615  1.3704581  1.3670888  1.3669658  1.3648336  1.3639195
 1.3514786  1.3411112  1.3392377  1.3385875  1.332263   1.3257031
 1.3228931  1.3225939  1.3082726  1.3077447  1.3058176  1.2987492
 1.2969408  1.2964942  1.2947843  1.290513   1.2892618  1.2830634
 1.2688749  1.2686853  1.2578077  1.2558308  1.2538416  1.2497976
 1.2497764  1.2483866  1.2413049  1.2363167  1.2295518  1.228672
 1.223578   1.2227662  1.2216964  1.2180178  1.2144549  1.1917629
 1.1915634  1.1813684  1.174701   1.1651204  1.1631296  1.1420999
 1.130276   1.1235433  1.1221263  1.1211741  1.113986   1.1073699
 1.1057298  1.0965257  1.0929685  1.0927756  1.0926569  1.0926523
 1.092314   1.0851631  1.0820384  1.0812712  1.0787089  1.0702341
 1.0702014  1.068408   1.061898   1.0598912  1.0420923  1.0339932
 1.0339639  1.0329115  1.0253665  1.023313   1.0207133  1.0164082
 1.0109198  1.0087724  0.99210405 0.9883294  0.9867091  0.9827175
 0.9818723  0.97649574 0.96929    0.9685805  0.96152043 0.9566674
 0.95134735 0.94311666 0.94288373 0.93669343 0.9321282  0.92222667
 0.9209621  0.91535544 0.9150233  0.914696   0.9073467  0.906579
 0.9027705  0.89498234 0.8932133  0.89042187 0.8878293  0.88632226
 0.8828018  0.8722625  0.87188435 0.8692415  0.8667364  0.8663392
 0.8598938  0.8581631  0.85601807 0.8537967  0.84639215 0.8359904
 0.83520293 0.83163714 0.8269055  0.81624556 0.8109577  0.7857518
 0.7796197  0.7791691  0.7789936  0.77766514 0.7743869  0.7735648
 0.77132034 0.7708421  0.7642331  0.76326394 0.74473643 0.7417135
 0.7390237  0.7372947  0.7334225  0.72079897 0.71506464 0.7125776
 0.6964836  0.6897478  0.687778   0.6659193  0.65971327 0.65829253
 0.6550864  0.61842585 0.616663   0.61383104 0.6125629  0.60891366
 0.59038615 0.58873606 0.5785475  0.5765877  0.57504845 0.5748279
 0.5732081  0.56698656 0.56005764 0.55923796 0.5500274  0.54984236
 0.54614925 0.54524016 0.5394342  0.53022075 0.5276027  0.51070833
 0.507699   0.50031996 0.49686718 0.4925058  0.49123168 0.48884296
 0.4833691  0.4817027  0.47461295 0.47171164 0.47051978 0.4607072
 0.4589107  0.4581616  0.45664454 0.45419383 0.44609952 0.4453199
 0.4355855  0.43289733 0.41620302 0.3970543  0.3945539  0.38973737
 0.3860004  0.384511   0.38322544 0.37976348 0.3778627  0.37551498
 0.37463427 0.3703146  0.35488796 0.34762144 0.3471281  0.345595
 0.34167147 0.3365296  0.32796812 0.3273034  0.32277536 0.31841302
 0.31739902 0.3166194  0.3132496  0.31087232 0.30999255 0.30690837
 0.30343246 0.30281824 0.30256927 0.30005908 0.28842068 0.28630638
 0.28595328 0.2814963  0.2801392  0.2774086  0.27233624 0.2594626
 0.2591083  0.2583251  0.2570274 ]
Details of detected objects: [9 9 9 2 2 2 2 2 2 9 2 2 2 2 9 2 9 2 2 2 2 2 2 9 9 9 2 2 9 2 9 2 9 2 2 9 2
 9 2 2 9 9 9 9 2 9 9 9 9 9 9 9 2 9 2 9 9 9 9 9 2 2 9 2 9 9 9 2 9 9 9 2 2 9
 9 9 9 9 9 9 9 9 9 9 9 2 9 2 9 9 2 9 9 2 2 2 9 2 9 9 9 9 9 2 9 2 9 2 9 9 9
 9 2 2 9 2 9 9 9 9 2 9 9 2 2 2 9 9 9 9 2 9 9 2 9 2 9 9 9 9 9 9 9 9 9 2 9 9
 8 9 9 9 9 9 9 2 9 2 9 9 2 2 9 9 9 9 2 2 9 9 9 2 2 2 9 9 2 8 2 2 9 9 2 2 9
 2 9 9 2 9 9 2 9 9 2 9 9 9 9 2 2 2 9 2 9 9 9 2 2 2 9 9 9 2 9 9 9 2 2 9 2 2
 9 9 2 2 9 9 9 9 9 2 2 2 2 9 2 2 2 9 9 9 9 8 9 2 9 2 2 2 2 2 9 9 9 2 9 9 2
 2 9 2 9 2 9 9 9 2 2 9 2 9 2 8 2 9 2 2 2 2 2 9 9 9 2 2 2 2 9 2 9 9 9 9 2 9
 9 2 9 2 2 2 2 2 2 9 9 2 8 2 9 2 2 9 9 2 2 9 9 9 2 2 9 9 2 9 9 9 9 9 2 2 0
 9 2 9 2 2 9 9 9 9 9 9 2 9 9 9 2 9 0 9 2 9 9 9 9 2 9 9 9 9 8 9 9 9 9 9 2 2
 2 9 2 9 2 2 9 9 9 9 2 9 9 2 9 2 9 9 3 9 8 2 9 2 2 9 0 2 9 2 2 9 3 2 9 8 2
 9 2 9 2 8 9 0 2 2 0 2 9 2 2 2 9 9 9 9 9 2 2 2 8 2 8 2 2 9 8 2 9 9 2 9 9 2
 2 2 2 9 9 2 9 2 2 9 9 8 2 9 2 9 9 9 9 9 0 2 9 3 2 9 9 9 2 9 9 2 9 2 3 9 9
 2 9 9 9 2 9 2 0 9 2 9 9 9 2 8 9 2 2 2 9 9 9 9 9 9 2 9 9 2 9 2 9 9 2 9 2 9
 2 9 9 2 9 2 2 9 9 2 9 9 9 9 9 9 9 2 9 2 9 9 2 9 9 9 9 2 2 2 9 2 2 2 2 9 9
 9 9 2 9 0 9 9 9 9 9 9 3 9 2 2 3 9 0 2 9 9 2 9 8 9 2 9 2 2 2 9 9 9 9 9 2 9
 9 9 8 9 2 9 2 9 2 9 2 2 3 2 2 8 9 2 9 9 9 9 9 2 9 2 2 9 2 9 9 2 2 2 9 2 9
 2 9 2 9 2 9 3 9 2 9 9 9 2 9 2 2 9 9 9 9 2 3 2 9 3 9 9 9 2 9 2 2 9 9 9 2 2
 9 2 2 2 9 9 2 9 9 2 9 9 2 2 2 3 9 9 2 9 8 2 9 9 2 3 9]
Pre-processing time: 0.0042 seconds
Inference time: 0.0170 seconds
Post-process time: 0.0137 seconds
Total run time: 0.0380 seconds
Performance: 26.3478 FPS
 
No annotation file found for test_images\00a2f5b6-d4217a96.jpg

Results for test_images\00a2f5b6-d4217a96.jpg (ONNX, CPU):
bboxes of detected objects: [[0.04788974 0.53762525 0.         0.35886568]
 [2.5818787  0.6535403  1.7044382  0.3934155 ]
 [0.778265   0.4479257  0.35606992 0.46577132]
 ...
 [0.4856197  2.6685123  0.31847134 2.193192  ]
 [0.3659985  0.5911261  0.08140238 0.8125311 ]
 [0.10779624 0.78323066 0.04160154 0.9365014 ]]
scores of detected objects: [7.333869   7.1298647  6.930372   6.871393   6.7850704  6.776185
 6.6315536  6.470169   6.3901405  6.37782    6.3242846  6.322592
 6.284953   6.284877   6.2231264  6.217417   6.112924   6.0486183
 6.0336313  6.0106673  5.987979   5.96852    5.9542904  5.946347
 5.8259106  5.773491   5.76418    5.6768236  5.6111794  5.593258
 5.5413737  5.5118484  5.4923325  5.4463034  5.4460526  5.433859
 5.412342   5.392897   5.376211   5.371152   5.329219   5.3229904
 5.2851186  5.2807574  5.222013   5.1973243  5.16527    5.161205
 5.1221466  5.1158657  5.0944166  5.092006   5.0865927  5.066966
 5.04022    5.0023336  4.995571   4.976154   4.972863   4.963087
 4.958974   4.9583864  4.9424987  4.930174   4.9218407  4.9078674
 4.85314    4.846437   4.8446307  4.823286   4.813961   4.7801323
 4.776636   4.7381487  4.737673   4.71599    4.687224   4.665412
 4.617446   4.5612745  4.50283    4.4982657  4.4806466  4.475137
 4.4729524  4.4519873  4.40822    4.384347   4.377533   4.3347306
 4.328772   4.3040724  4.284067   4.261015   4.25738    4.2439566
 4.2356215  4.2267804  4.226772   4.20945    4.175933   4.1510596
 4.138228   4.137819   4.1331363  4.1273828  4.121956   4.0794125
 4.039379   4.0024457  4.0014877  3.9912238  3.9768386  3.9542122
 3.941409   3.932908   3.9166684  3.9161768  3.9075832  3.9027648
 3.8884058  3.8655467  3.863854   3.862062   3.847621   3.8447294
 3.8008428  3.7972722  3.77524    3.7663193  3.765409   3.7490244
 3.7342658  3.72337    3.7075615  3.6966414  3.694481   3.686057
 3.6793566  3.6780777  3.6688428  3.6505375  3.6415071  3.6359725
 3.615129   3.5905051  3.5611825  3.5611148  3.5507321  3.54327
 3.533111   3.517333   3.483204   3.4812164  3.461833   3.4594069
 3.454368   3.450418   3.449246   3.448638   3.4466367  3.4446144
 3.444295   3.4398632  3.427422   3.419178   3.405573   3.4040685
 3.3839808  3.3706636  3.356636   3.3522587  3.3520436  3.3452973
 3.3432975  3.332068   3.3248348  3.3235607  3.3125763  3.2966752
 3.2900963  3.275477   3.2499151  3.2391682  3.2299547  3.2233696
 3.220603   3.2086067  3.2039442  3.1985888  3.1898265  3.1876965
 3.1861978  3.1693668  3.1622987  3.1579661  3.150721   3.1170158
 3.1154985  3.1123872  3.106216   3.0977888  3.0959444  3.0934305
 3.0355034  3.0309196  3.0255532  3.01471    3.0053644  3.004129
 2.9960003  2.9933095  2.9849806  2.9838672  2.9785209  2.9732084
 2.963234   2.945828   2.9444284  2.9439769  2.9345598  2.9270978
 2.9200435  2.9039636  2.898089   2.8824778  2.8823175  2.880858
 2.8797388  2.8711429  2.8659701  2.8535552  2.8424726  2.8373957
 2.8320403  2.8182507  2.817018   2.809826   2.8078918  2.8005152
 2.788515   2.7852802  2.7744365  2.773435   2.7700105  2.766766
 2.76616    2.7615442  2.7500515  2.7497168  2.7480888  2.745411
 2.7420707  2.739502   2.7393837  2.710082   2.7049408  2.691667
 2.6909032  2.687067   2.685749   2.6831799  2.672686   2.670476
 2.653665   2.6516075  2.6452475  2.6434016  2.6390023  2.638905
 2.6356745  2.6092653  2.5997868  2.59662    2.595602   2.5789723
 2.5786371  2.55727    2.5548124  2.554617   2.5487528  2.5441208
 2.5433664  2.5418215  2.5388684  2.5372992  2.535688   2.5354567
 2.510275   2.4992943  2.4930716  2.4911652  2.476242   2.4751363
 2.4719691  2.4699802  2.466488   2.4650126  2.461392   2.4576006
 2.4572182  2.4563646  2.4553962  2.443056   2.4417887  2.4380054
 2.4314036  2.429008   2.4165964  2.4136224  2.4055967  2.4050932
 2.4030404  2.40127    2.397533   2.3957982  2.3953648  2.3947682
 2.390624   2.3895855  2.3858666  2.3762393  2.3745346  2.3708029
 2.3704805  2.368513   2.366612   2.3575726  2.3528848  2.3525267
 2.3465176  2.3393507  2.3388085  2.3358583  2.3305573  2.329459
 2.3109665  2.308332   2.288917   2.268001   2.2597618  2.25604
 2.2535696  2.2490573  2.2485762  2.2472663  2.2462502  2.2450366
 2.2445607  2.2379293  2.2359257  2.225535   2.2192197  2.213273
 2.2090898  2.2085037  2.2040758  2.1962485  2.1899638  2.188868
 2.186304   2.1837177  2.1763601  2.1732543  2.1732306  2.162387
 2.154602   2.1486154  2.1436377  2.1299171  2.1272764  2.111659
 2.1082025  2.105123   2.0995216  2.0968485  2.072217   2.070959
 2.0658836  2.058474   2.0578375  2.0563102  2.0523973  2.045539
 2.040637   2.039309   2.033266   2.0291593  2.0256844  2.020061
 2.0188055  2.0164623  2.0120883  2.0085435  2.0083814  2.002469
 1.9946327  1.9908421  1.9867225  1.981842   1.9668193  1.9611187
 1.9525056  1.9471064  1.9388695  1.9337895  1.9325137  1.9251995
 1.9248166  1.9239721  1.9204907  1.9162035  1.9161062  1.9122272
 1.9098816  1.9050989  1.8871322  1.8853436  1.8718648  1.8699851
 1.8682115  1.8660264  1.8658118  1.8554511  1.843533   1.8367395
 1.8349485  1.814178   1.8082428  1.8023653  1.8022823  1.798697
 1.7927608  1.7926054  1.7912121  1.7830772  1.77771    1.7536922
 1.7423468  1.7397752  1.7252359  1.7200661  1.7145438  1.711833
 1.7027602  1.6996727  1.6971364  1.68395    1.6760364  1.6687794
 1.6661062  1.6655774  1.664124   1.660295   1.6585808  1.6560779
 1.6498404  1.6465731  1.6433606  1.6339097  1.630446   1.6300781
 1.628725   1.6143067  1.6140189  1.6134133  1.6129086  1.6104853
 1.5933654  1.5874815  1.5866942  1.5786066  1.5771265  1.5642233
 1.5636926  1.5625472  1.5606546  1.5472054  1.5470037  1.5449576
 1.5424323  1.540462   1.5399134  1.5379224  1.536933   1.5313473
 1.5297506  1.5265923  1.5249958  1.5202544  1.5181012  1.5095887
 1.5086942  1.5013442  1.4932232  1.491394   1.4863129  1.4818664
 1.4737589  1.4694977  1.4682398  1.4604907  1.4535251  1.4530127
 1.4509382  1.4384375  1.4379315  1.4370065  1.4346235  1.4344246
 1.4273853  1.4272215  1.4266129  1.4222584  1.4221592  1.414851
 1.4137521  1.4125938  1.4074028  1.407392   1.4062338  1.4046404
 1.4035547  1.396306   1.3955765  1.393707   1.3876426  1.3823543
 1.3764982  1.374218   1.3726046  1.3687055  1.3648944  1.3624146
 1.3611708  1.3479333  1.3459709  1.3377872  1.3366055  1.3340459
 1.3338425  1.3315456  1.3302069  1.3276854  1.3198109  1.3183236
 1.3119075  1.3106837  1.3048925  1.3045878  1.3044877  1.298954
 1.2986674  1.2909794  1.2893124  1.2878947  1.2828596  1.2822719
 1.2799428  1.2771888  1.2753396  1.2748199  1.2742338  1.270555
 1.269578   1.2687678  1.2664468  1.266243   1.2647204  1.2629824
 1.2500501  1.2452085  1.2430165  1.2427049  1.2423766  1.2412195
 1.2410223  1.2366252  1.2306194  1.2212112  1.2183993  1.2106805
 1.2093153  1.2081642  1.2041748  1.2025373  1.1915407  1.1879694
 1.1870842  1.1818624  1.1777439  1.1764998  1.1737342  1.1706657
 1.1593761  1.1589248  1.1518776  1.1501601  1.1499391  1.1493161
 1.1400495  1.1391268  1.1339531  1.1311169  1.1186633  1.1178873
 1.115587   1.1147842  1.1144311  1.1139407  1.1132667  1.1103554
 1.101543   1.0957377  1.0942736  1.0933433  1.0929732  1.0925155
 1.0911841  1.0870409  1.0862856  1.083153   1.0801611  1.0777864
 1.0774238  1.0725243  1.0722308  1.0685766  1.0681195  1.0659418
 1.0651965  1.0639956  1.0624466  1.0622804  1.0549889  1.0509293
 1.0493281  1.040348   1.0398479  1.038084   1.0360966  1.0287571
 1.027343   1.0267694  1.02565    1.0239761  1.0112054  1.0022287
 0.9950466  0.9892187  0.98918104 0.9770348  0.9740033  0.9675865
 0.95911574 0.95758414 0.9538903  0.95340466 0.95017695 0.9499731
 0.9490278  0.94670296 0.94577026 0.944618   0.9397321  0.9330702
 0.92898846 0.9265475  0.92003703 0.91722393 0.9152653  0.9147043
 0.91047096 0.9068847  0.8968525  0.89066505 0.89029217 0.8877251
 0.8796358  0.8704109  0.86996794 0.867414   0.8637655  0.8609786
 0.8436167  0.8429017  0.8389683  0.83438253 0.8282299  0.82592106
 0.82244134 0.8130386  0.8104377  0.8096194  0.8093374  0.8010764
 0.7987695  0.79791355 0.79494953 0.79489875 0.78015137 0.7741177
 0.77023005 0.7659824  0.7651341  0.76044345 0.7587533  0.7519798
 0.75135636 0.75062156 0.7412498  0.7398417  0.7360351  0.72611284
 0.72408295 0.722512   0.7129626  0.70894337 0.70805407 0.6926608
 0.6750939  0.6707578  0.6705854  0.6692269  0.6674354  0.6661826
 0.66434574 0.66308904 0.6614013  0.660522   0.6528795  0.65014076
 0.6452222  0.6439352  0.6423981  0.64158344 0.6366453  0.6280346
 0.6279378  0.6268835  0.6255281  0.62040186 0.6191237  0.61221886
 0.6040182  0.60165286 0.59878874 0.5933931  0.58898807 0.5815196
 0.57926464 0.5674825  0.56249213 0.5617409  0.5571146  0.556617
 0.55468416 0.5536487  0.54604006 0.54585934 0.54505444 0.54235005
 0.54013276 0.5375774  0.5339935  0.52678776 0.5266037  0.52572465
 0.52306676 0.5181539  0.51805925 0.51034737 0.5098462  0.5092914
 0.5053363  0.504128   0.5007818  0.49109268 0.47708297 0.47496915
 0.47331953 0.47088695 0.4495895  0.44580054 0.4452591  0.4446609
 0.44223952 0.43629003 0.43586135 0.43304253 0.43088293 0.4297738
 0.42821717 0.42731357 0.4261713  0.42275834 0.42005396 0.41967106
 0.41933274 0.4170804  0.4135213  0.41250277 0.4067688  0.40543652
 0.40105462 0.3994429  0.3989253  0.39110255 0.3903885  0.390177
 0.3872707  0.3864317  0.38439584 0.38426304 0.38405895 0.3809595
 0.3806157  0.37779498 0.37755632 0.37528157 0.37382174 0.37251687
 0.366853   0.36619878 0.3655696  0.36544895 0.36448097 0.36149096
 0.35987544 0.35544193 0.3551967  0.3492725  0.34209394 0.33716488
 0.33532953 0.33508587 0.3338263  0.33307958 0.3282478  0.3221178
 0.31842947 0.3134706  0.31193304 0.31124997 0.31002426 0.3043928
 0.2947359  0.29061222 0.28498173 0.2824018  0.28211498 0.27889132
 0.275568   0.2650795  0.264616   0.25890708]
Details of detected objects: [9 9 9 2 9 2 2 9 2 2 2 2 2 2 9 2 2 2 2 2 9 2 9 9 2 2 2 2 9 9 2 2 2 2 2 9 2
 2 2 2 2 9 2 9 2 9 2 9 9 9 9 9 9 2 9 2 2 9 2 9 2 9 9 2 2 2 9 9 2 9 2 2 2 9
 2 9 2 9 2 9 2 9 2 2 9 9 9 9 9 9 9 9 9 9 9 9 2 2 9 9 9 2 9 9 9 8 9 9 9 9 9
 9 9 2 9 9 9 2 9 9 9 2 9 2 9 9 2 2 9 2 2 9 9 9 9 2 9 9 9 9 8 9 2 9 0 2 9 8
 9 9 2 9 9 2 2 8 9 2 9 9 2 9 9 9 2 9 8 9 2 9 9 9 2 9 9 8 9 8 9 2 3 8 9 2 9
 8 9 0 9 9 9 9 0 2 9 9 9 9 9 2 9 9 9 0 8 9 0 9 9 9 9 8 2 2 0 9 8 9 2 8 9 2
 9 9 9 9 9 9 9 2 9 2 9 2 8 8 9 9 9 9 9 9 9 2 9 9 9 9 9 2 9 9 2 9 9 9 9 9 2
 9 9 9 9 9 9 9 9 2 9 9 9 2 9 9 9 9 9 9 2 9 9 9 2 9 9 9 2 9 9 9 9 0 9 2 2 9
 2 9 9 9 9 9 9 9 9 9 9 9 9 9 9 9 9 9 9 8 9 0 2 9 9 9 9 9 9 9 9 9 2 9 2 9 9
 0 9 2 9 9 9 9 9 9 9 8 8 9 9 8 9 9 9 8 9 0 9 9 9 9 9 8 9 9 2 2 9 8 9 9 9 8
 9 0 9 9 2 2 9 9 9 9 9 9 9 9 9 9 9 2 9 9 8 9 9 9 9 2 9 2 9 9 2 0 9 9 2 2 8
 9 9 9 9 9 9 9 9 9 9 9 2 9 2 9 9 9 8 9 9 9 9 9 9 9 9 9 9 9 9 9 9 9 9 9 9 9
 9 9 9 9 9 9 3 9 9 2 2 9 9 9 9 9 9 2 9 9 2 9 9 2 9 3 2 9 8 9 8 2 9 2 9 9 9
 9 9 0 9 9 9 3 9 2 2 0 9 2 9 9 9 8 9 9 2 8 9 9 9 2 9 9 9 2 3 9 9 9 3 2 9 9
 2 3 9 9 9 9 9 2 9 8 9 2 2 9 0 9 9 2 9 0 2 2 9 9 9 9 9 9 9 8 8 8 2 2 9 2 0
 9 2 2 2 3 9 9 9 9 2 9 9 9 9 9 0 9 9 9 9 0 2 8 8 9 2 8 9 9 9 9 2 9 9 9 2 9
 9 2 2 9 0 8 2 2 8 8 8 8 9 9 9 0 9 9 8 9 9 9 9 8 9 8 2 9 9 2 9 9 9 2 0 9 8
 2 3 9 9 9 9 8 8 2 2 9 9 9 9 9 9 9 9 9 9 8 2 2 9 9 2 9 8 9 9 9 2 9 2 9 9 9
 2 9 9 8 9 9 8 9 8 9 9 0 8 9 2 2 2 9 9 9 9 9 9 9 9 9 8 8 8 9 8 8 9 9 3 2 0
 8 9 2 9 2 9 3 2 9 8 8 9 8 9 2 8 9 9 9 8 9 9 2 9 2 9 2 9 8 8 2 8 2 2 8 9 9
 9 9 3 2 9 9 9 9 9 3 9 8 9 8 8 9 2 9 9 8 9 9 2 8 8 8 9 4 9 9 9 8 9 8 9 9 8
 9 8 9 9 8 8 2 9 2 8 8 8 9 2 0 8 8 8 8 8 9 9 2 9 9 9 9 9 9 0 8 9 8 8 9 9 2
 9 2 8 2 9 8 2 8 8 2 0 3 8 9 8 2 2 8 9 9 9 8 2 3 3 9 2 9 4 9 9 9 9 9 9 8 9
 8 9 4 9 9]
Pre-processing time: 0.0040 seconds
Inference time: 0.0153 seconds
Post-process time: 0.0205 seconds
Total run time: 0.0429 seconds
Performance: 23.3145 FPS
 
No annotation file found for test_images\00ce8219-12c6d905.jpg

Results for test_images\00ce8219-12c6d905.jpg (ONNX, CPU):
bboxes of detected objects: [[0.         0.         0.8984901  0.6949912 ]
 [0.60030323 0.86588013 0.         0.5846182 ]
 [0.         0.         0.77573    2.4186876 ]
 ...
 [1.7652854  0.5778121  0.92289174 0.10726288]
 [0.402135   0.38035566 0.28168255 0.09309608]
 [0.         0.7999014  0.09800234 1.0429218 ]]
scores of detected objects: [7.6900635  7.570382   7.298398   7.0510435  7.010169   6.825302
 6.785349   6.51696    6.439119   6.43748    6.3980026  6.384405
 6.358846   6.355954   6.3137293  6.3094172  6.2994328  6.255479
 6.2433386  6.242955   6.215111   6.2017794  6.125906   6.108012
 6.0857534  6.0096626  5.981164   5.980997   5.94685    5.9430695
 5.942834   5.942787   5.9195476  5.818476   5.7635746  5.7514715
 5.7335377  5.6155095  5.566279   5.5628233  5.543844   5.538925
 5.4667153  5.394358   5.3820243  5.3818254  5.365693   5.356097
 5.3527036  5.3263884  5.3157535  5.3140445  5.312685   5.2771835
 5.270325   5.251035   5.1404333  5.1045446  5.07055    5.02777
 5.0009584  4.9998827  4.987115   4.9775887  4.9749446  4.8772388
 4.8638716  4.8324156  4.793953   4.7811303  4.7810006  4.77224
 4.763006   4.7472405  4.733157   4.733003   4.7236986  4.712788
 4.6787386  4.639013   4.6249194  4.6178713  4.605536   4.5856705
 4.5845995  4.5419693  4.5293684  4.5236783  4.5065594  4.499699
 4.499556   4.479544   4.477765   4.4664745  4.4290113  4.4238276
 4.4195676  4.3724666  4.3671103  4.3649645  4.35513    4.34912
 4.34007    4.3247395  4.3226986  4.3114133  4.3109493  4.2938604
 4.2727456  4.2679157  4.2602115  4.230398   4.2015085  4.1752253
 4.159996   4.1597323  4.150667   4.144021   4.139805   4.106765
 4.0721526  4.0671315  4.063344   4.0408897  4.0370674  4.034896
 3.9867382  3.9800134  3.9580083  3.9403129  3.879611   3.844356
 3.8392963  3.8374481  3.7926826  3.790761   3.7703161  3.7661285
 3.759192   3.7461252  3.743761   3.7326136  3.7247992  3.7238393
 3.720397   3.7184348  3.7158246  3.695795   3.6722198  3.65349
 3.6528568  3.652264   3.6498575  3.6344457  3.6326528  3.6093025
 3.560093   3.5574436  3.5341816  3.531066   3.4792924  3.4780664
 3.4653082  3.46525    3.4615564  3.426138   3.4002314  3.388506
 3.3862991  3.3753319  3.3732371  3.3487487  3.3339305  3.321248
 3.2960644  3.2952805  3.2809496  3.2608914  3.2605739  3.2437105
 3.2196527  3.2093716  3.2064366  3.2014441  3.2002072  3.1852336
 3.1828885  3.1661139  3.1641307  3.1633396  3.146284   3.142583
 3.1267967  3.1105213  3.1075377  3.0981178  3.0951467  3.0927992
 3.0846882  3.0740447  3.0674458  3.0643911  3.0580606  3.0394402
 3.0357618  3.0261898  3.0182447  3.0089507  3.0014625  2.994154
 2.9649782  2.9562864  2.9476495  2.929762   2.924045   2.9160123
 2.8783169  2.8730712  2.8536644  2.844184   2.8424025  2.8357868
 2.8341026  2.828086   2.8069282  2.7944937  2.790121   2.7876315
 2.7805214  2.776947   2.7729654  2.7705712  2.769816   2.758429
 2.7567477  2.7528105  2.7451468  2.7362652  2.734829   2.7163053
 2.7147145  2.7109776  2.6837678  2.6835403  2.6792274  2.6788568
 2.657064   2.6567516  2.6334133  2.621192   2.6158538  2.614739
 2.6056962  2.6016216  2.5904727  2.5883222  2.5745387  2.5694952
 2.56854    2.5671768  2.5667758  2.5640101  2.5574584  2.557374
 2.5483751  2.5458722  2.540371   2.540104   2.5318565  2.5232887
 2.5223389  2.5200186  2.5186625  2.5159569  2.5150309  2.51374
 2.5133276  2.5117536  2.5080776  2.5072932  2.507154   2.5056052
 2.4806304  2.4699206  2.4692287  2.46871    2.4677472  2.4465575
 2.4452052  2.4372473  2.4353447  2.4260273  2.423389   2.413062
 2.4084601  2.39713    2.3939047  2.3739376  2.3689318  2.365069
 2.3647914  2.3554645  2.3450608  2.342279   2.3419838  2.3359828
 2.3283272  2.3210444  2.316467   2.3050122  2.303646   2.3009176
 2.2957034  2.289373   2.2848024  2.2763343  2.2536092  2.2533562
 2.2523885  2.2516332  2.2495813  2.2491548  2.24465    2.2311745
 2.227931   2.222343   2.2222457  2.2203798  2.2109582  2.20779
 2.207686   2.203393   2.1771002  2.1768665  2.1768522  2.1519237
 2.1488857  2.147438   2.144931   2.143762   2.1312203  2.1104658
 2.1099815  2.107759   2.102579   2.1017125  2.1013265  2.0918922
 2.0914674  2.0900526  2.0810866  2.069038   2.0662565  2.0494928
 2.0369172  2.0341272  2.0283594  2.0265665  2.0225196  2.0176725
 2.0049682  1.9943414  1.9899127  1.985177   1.9799037  1.9661589
 1.9638505  1.9637179  1.9635992  1.9592934  1.9566183  1.9534264
 1.9458303  1.9451447  1.9442434  1.9384727  1.9361315  1.9338009
 1.9282093  1.9256983  1.9250255  1.9221778  1.921664   1.906806
 1.8841944  1.8741789  1.8699436  1.8611345  1.8551207  1.8543007
 1.8523989  1.8487701  1.8413839  1.8407207  1.8351741  1.8341994
 1.8247142  1.8210907  1.8102496  1.8082314  1.7923169  1.7899549
 1.7855468  1.7825823  1.7793255  1.7682061  1.7679963  1.7634411
 1.7582955  1.7529125  1.746592   1.7220039  1.7073255  1.7019615
 1.7005739  1.6940503  1.6929731  1.6923885  1.6902285  1.6896362
 1.6772003  1.6757977  1.6714616  1.6684308  1.6641879  1.6634941
 1.6630526  1.6630249  1.655617   1.6478405  1.6426108  1.6355093
 1.6292272  1.6260748  1.6238089  1.6195316  1.6110559  1.6097813
 1.5999608  1.5878282  1.5845017  1.5804427  1.580051   1.5703583
 1.5638833  1.5633767  1.547473   1.5418177  1.5259256  1.5218606
 1.517829   1.5163922  1.5156341  1.5150814  1.5097609  1.5080082
 1.4991713  1.4969573  1.4886265  1.4805155  1.4758887  1.4751341
 1.471818   1.4696519  1.4692183  1.4669886  1.4663477  1.46613
 1.4537833  1.4493008  1.4470387  1.4379258  1.4371386  1.4368954
 1.4357195  1.4341497  1.4329276  1.4328489  1.4289086  1.4257412
 1.4256713  1.4236495  1.4227219  1.4198799  1.4160316  1.3980289
 1.394876   1.3945358  1.3843842  1.3823085  1.3741245  1.3693771
 1.368742   1.3660014  1.3646042  1.3610628  1.3486555  1.3270102
 1.3077266  1.3060768  1.3018394  1.3008192  1.2903478  1.2895796
 1.2774808  1.2752175  1.2584956  1.2392297  1.2295153  1.224235
 1.2175894  1.2123737  1.2101355  1.2028387  1.2017493  1.1899271
 1.1779668  1.1648932  1.1621001  1.1591272  1.1455274  1.1434612
 1.1402936  1.1379511  1.1327705  1.1155605  1.110858   1.1084449
 1.1081033  1.1071401  1.1056743  1.1032271  1.0992322  1.0842345
 1.0841594  1.082154   1.0751164  1.0623791  1.0580239  1.0542378
 1.0457823  1.0450912  1.0243866  1.0178576  1.009383   1.0074782
 0.9996588  0.9848075  0.97948146 0.9655838  0.9605832  0.95478654
 0.9524479  0.9472306  0.94399595 0.9221513  0.9157953  0.91350794
 0.89748836 0.88942957 0.8731446  0.87166977 0.87137246 0.85639954
 0.8518505  0.85132074 0.84626484 0.8386402  0.8382344  0.8311591
 0.8216567  0.8117783  0.8059354  0.79735684 0.77834606 0.7712507
 0.7653878  0.76029277 0.75732064 0.7486739  0.742198   0.7389152
 0.73779273 0.73766804 0.73023725 0.7250794  0.7250447  0.7244885
 0.7241843  0.7230518  0.7207711  0.71929955 0.71913457 0.6906519
 0.6845305  0.6816957  0.67686415 0.67244005 0.6708188  0.66572475
 0.6651578  0.66454786 0.6621237  0.6617973  0.6598592  0.65731454
 0.6541679  0.647655   0.64506435 0.63536143 0.633327   0.62860084
 0.62430835 0.6168246  0.6156144  0.60755277 0.60081434 0.59761095
 0.59069467 0.5880418  0.58172846 0.57145333 0.56601715 0.55143404
 0.5489731  0.5301671  0.5292139  0.524101   0.52087593 0.5173266
 0.50396824 0.50197935 0.49714732 0.48675346 0.48446608 0.47982836
 0.46022224 0.45864487 0.4586401  0.4580617  0.4508245  0.43861675
 0.4367268  0.4282019  0.4103515  0.4054575  0.3960886  0.39538455
 0.39025593 0.38503432 0.38277864 0.3818469  0.38116002 0.3805158
 0.37920403 0.36343122 0.35926032 0.35839224 0.35452867 0.35292315
 0.34764743 0.34752297 0.3372494  0.33224773 0.33074355 0.33068824
 0.32753038 0.3240894  0.3196919  0.31951833 0.31948972 0.31304312
 0.30990243 0.30427814 0.28361893 0.2798059  0.26848626 0.25882268
 0.2584479 ]
Details of detected objects: [2 9 2 2 9 9 2 2 2 9 2 2 2 9 2 2 2 2 2 2 2 2 2 2 2 9 2 9 2 2 2 9 2 2 2 9 9
 2 2 9 9 9 9 9 9 9 9 9 9 9 9 2 9 9 2 2 9 9 2 9 9 2 2 9 9 9 9 9 9 2 2 9 9 9
 9 9 9 9 9 2 2 2 2 2 9 9 9 2 9 9 9 2 9 9 9 9 9 9 9 9 9 9 9 9 9 2 9 9 9 9 9
 2 9 9 9 9 9 2 2 2 9 9 9 2 9 9 9 9 9 2 9 9 9 9 9 2 9 2 9 9 2 9 9 9 9 9 9 2
 9 9 9 2 9 9 2 9 9 9 9 9 9 9 2 9 9 9 9 9 9 9 9 9 9 9 2 2 9 2 2 9 0 9 9 9 9
 9 9 0 9 9 9 9 2 9 9 9 9 9 9 9 2 3 9 9 3 2 2 0 9 9 9 2 0 9 9 9 9 9 3 9 9 9
 9 9 9 9 9 9 9 9 9 9 3 9 2 9 9 9 2 9 9 9 9 9 2 9 9 2 3 9 9 9 9 9 9 9 9 9 9
 2 9 9 9 3 2 2 9 9 9 2 3 9 9 2 9 9 9 9 9 9 9 9 2 9 9 2 9 2 2 9 9 9 9 9 3 9
 9 9 9 9 9 9 9 9 9 9 9 9 2 9 9 9 3 3 9 9 9 2 9 9 9 2 9 9 9 9 9 9 2 9 9 9 9
 9 9 9 9 9 2 9 9 2 9 9 9 2 9 9 9 9 9 9 9 9 9 9 2 9 9 9 2 9 2 9 0 9 9 9 9 9
 9 9 2 2 9 9 9 2 9 9 9 9 2 9 9 9 9 9 9 2 9 9 9 9 9 9 9 9 2 9 9 2 9 9 9 9 9
 9 2 9 9 9 9 9 9 9 9 9 9 9 9 2 2 9 9 9 9 2 9 9 9 9 9 8 9 9 9 9 9 9 2 9 3 9
 9 2 9 9 9 8 9 9 0 8 9 9 9 9 9 9 9 2 8 9 9 9 9 9 9 9 9 0 9 9 9 9 9 9 9 9 9
 9 2 9 9 9 2 9 2 9 0 2 9 9 9 9 9 9 9 9 9 9 9 9 9 9 9 2 9 9 2 9 9 9 9 9 9 9
 9 9 9 9 9 9 8 9 9 9 9 2 9 9 3 9 2 9 2 9 9 2 9 9 2 2 8 9 9 9 2 2 0 9 9 2 9
 9 7 8 9 8 9 9 9 9 9 8 9 9 8 9 0 9 9 9 9 2 9 2 2 9 9 9 8 8 9 2 2 9 9 8 9 9
 8 2 9 2 9 2 9 0 2 2 9 9 9 9 2 9 9 9 9 0 9 9 0 9 9 9 9 9 9 9 2 2 8 9 9 9 9
 9 9 8 8 2 9 2 9 9 9 9 9 2 9 9 2 8 9 9 8 9 9 9 3 9 0 2 2 9 3 9 9 2 2 9 9 9
 9 2 8 9 9 2 9 9 0 9 9 9 8]
Pre-processing time: 0.0030 seconds
Inference time: 0.0159 seconds
Post-process time: 0.0192 seconds
Total run time: 0.0401 seconds
Performance: 24.9280 FPS
 
No annotation file found for test_images\00cf8e3d-773de15e.jpg

Results for test_images\00cf8e3d-773de15e.jpg (ONNX, CPU):
bboxes of detected objects: [[4.5591882e-01 0.0000000e+00 7.6479030e-01 0.0000000e+00]
 [2.8728169e-01 0.0000000e+00 9.8453408e-01 7.4200374e-01]
 [3.2775158e-01 2.5273955e-01 1.0294271e+00 2.9150906e+00]
 ...
 [0.0000000e+00 5.4013002e-01 1.5883887e-01 6.6781044e-04]
 [0.0000000e+00 2.6043934e-01 1.6392258e-01 1.1380145e-01]
 [8.3529294e-01 7.2553933e-01 1.1441445e-01 1.8507579e-01]]
scores of detected objects: [6.8844695  6.770055   6.394047   6.3540077  5.8614817  5.812703
 5.6341243  5.4668336  5.3305316  5.2652826  5.1406107  5.0970345
 5.0473824  5.021782   5.019061   4.9632196  4.894464   4.7188096
 4.667838   4.6590247  4.630115   4.5881815  4.5690975  4.514842
 4.4810038  4.474327   4.4060125  4.3898325  4.3823433  4.3560033
 4.3347673  4.3317094  4.3230805  4.299035   4.2916703  4.269112
 4.263915   4.2513227  4.2327566  4.1670437  4.134563   4.121989
 4.025367   4.022391   3.9020858  3.8768992  3.8741655  3.8314939
 3.778037   3.7684717  3.7600517  3.7309632  3.7073617  3.702654
 3.701168   3.6881447  3.683691   3.6718316  3.6495738  3.6323476
 3.6267915  3.5672445  3.515995   3.503817   3.4887218  3.4615917
 3.4564795  3.42941    3.4244013  3.4056578  3.3722234  3.3336244
 3.3242984  3.3016758  3.3000636  3.2928643  3.286221   3.270959
 3.267046   3.2313814  3.222705   3.219164   3.1930938  3.186823
 3.1835694  3.1150231  3.1013489  3.0962539  3.0707498  3.0699983
 3.0501509  3.049563   3.0317802  3.0218387  3.0211654  3.0060825
 3.0048437  2.9962273  2.9914336  2.9653344  2.9528565  2.920494
 2.8872452  2.8763323  2.861133   2.8436847  2.8256383  2.806999
 2.8032074  2.7981567  2.7528558  2.732531   2.6968222  2.6954784
 2.6791468  2.6778612  2.6698651  2.643931   2.6337557  2.6261969
 2.6115875  2.5950482  2.5938425  2.5860066  2.5837746  2.5616565
 2.5584393  2.536674   2.534832   2.5332975  2.5308533  2.5294604
 2.509647   2.508471   2.5064101  2.4932508  2.49088    2.468933
 2.4687228  2.4578571  2.457717   2.455258   2.4508405  2.4352388
 2.429019   2.4200273  2.4157758  2.4134517  2.4050827  2.40066
 2.3908634  2.3879557  2.379086   2.3631544  2.3521333  2.3518686
 2.3256607  2.3128505  2.3004994  2.2984912  2.2782478  2.2764738
 2.2690678  2.2655444  2.2576938  2.2364988  2.223257   2.2123814
 2.1927729  2.177868   2.1770637  2.1733599  2.16123    2.1565905
 2.1527758  2.1407437  2.1316855  2.122777   2.119719   2.1165376
 2.1164427  2.1135864  2.1096578  2.1054473  2.093257   2.0678658
 2.0663857  2.0628061  2.0615873  2.0502799  2.0177188  2.0176587
 2.0015602  1.9878721  1.9874058  1.9857771  1.9753091  1.9655614
 1.9625745  1.962399   1.9586384  1.9496064  1.949543   1.9352279
 1.9273133  1.9162216  1.9107141  1.9039207  1.894114   1.8768411
 1.873868   1.8660083  1.8168371  1.8001382  1.799262   1.7980771
 1.7940168  1.787606   1.787466   1.7812729  1.7762005  1.7728639
 1.7675781  1.7637208  1.7553725  1.7472973  1.7268276  1.7231464
 1.7193575  1.7180138  1.716089   1.7120194  1.6962314  1.695416
 1.6929204  1.6901546  1.6868536  1.6803927  1.6578577  1.6515136
 1.6476066  1.6402593  1.6391485  1.6302989  1.6263604  1.6233411
 1.6200156  1.6124904  1.6074638  1.5972104  1.595562   1.5844715
 1.5835345  1.5825558  1.5818596  1.5793581  1.5715022  1.5691686
 1.5683072  1.5644827  1.5511425  1.545368   1.5430065  1.5388191
 1.5354033  1.5263376  1.5009773  1.4992349  1.496145   1.4929643
 1.4879711  1.4583731  1.4578047  1.456151   1.4408674  1.4368854
 1.4340849  1.4199615  1.414938   1.4088862  1.4032764  1.384963
 1.3827181  1.3707583  1.3706689  1.3632278  1.3527555  1.3501439
 1.3450379  1.3426695  1.3245249  1.3210211  1.3080816  1.3019614
 1.2965157  1.2945588  1.2859025  1.2773471  1.2734754  1.2705224
 1.2662284  1.2658193  1.265481   1.257132   1.2570171  1.2433443
 1.2324648  1.2225523  1.2225254  1.2204723  1.2135437  1.2124436
 1.1965485  1.192905   1.1911542  1.177485   1.1707957  1.1672535
 1.1658506  1.162713   1.1622365  1.1603703  1.1586215  1.1514728
 1.1508989  1.1489847  1.1453261  1.1449497  1.1380911  1.1379373
 1.1193991  1.1146038  1.1123123  1.1082535  1.1026826  1.1025643
 1.1010767  1.098885   1.0886185  1.0869024  1.085751   1.0855381
 1.0681672  1.0352774  1.0336604  1.0316811  1.0241051  1.023201
 1.0192003  1.0181334  1.000514   0.99130344 0.98270226 0.9778483
 0.9673121  0.9651916  0.96377563 0.95996284 0.9588022  0.9343302
 0.9220848  0.9167547  0.9098954  0.9023175  0.88847923 0.8878572
 0.878654   0.8763218  0.8475261  0.82588863 0.8256972  0.81025696
 0.81020975 0.8038974  0.8002     0.798399   0.7974634  0.79716384
 0.7877703  0.78613997 0.78440523 0.77963305 0.7794329  0.77772856
 0.77227116 0.7688129  0.7641697  0.76010966 0.7538867  0.75357914
 0.7451668  0.73851895 0.7344675  0.7225225  0.7127242  0.709749
 0.70032716 0.67981076 0.67819166 0.66102266 0.64661264 0.6409097
 0.63993573 0.62499547 0.6234298  0.61646247 0.599463   0.59745026
 0.5889852  0.5708418  0.5633459  0.5573604  0.5504761  0.5465088
 0.545928   0.5420382  0.5365968  0.53552294 0.53282213 0.52944946
 0.527648   0.5190165  0.5151715  0.5038259  0.5021248  0.49412155
 0.49107075 0.49010062 0.48851633 0.4749508  0.46017933 0.44694567
 0.42851037 0.4278865  0.4262905  0.40932035 0.40884686 0.40667534
 0.4008131  0.3986857  0.39790606 0.39456224 0.39187646 0.3853382
 0.38077927 0.38071632 0.37957764 0.37034082 0.36715817 0.36541438
 0.33742666 0.32328653 0.32186937 0.31982136 0.31951237 0.31676412
 0.3147514  0.31358373 0.31035256 0.3028103  0.30139697 0.2958026
 0.2951646  0.29100585 0.2906356  0.27711368 0.26659513 0.2621498
 0.2527697 ]
Details of detected objects: [2 2 2 2 2 2 2 2 2 2 2 2 2 2 2 2 2 2 2 2 2 2 2 2 2 2 2 2 2 2 2 9 9 2 2 2 2
 2 2 2 2 2 2 2 4 2 2 2 2 2 9 2 9 2 2 2 2 2 2 2 2 2 2 2 2 2 2 2 2 2 9 2 9 9
 2 2 4 2 3 2 2 9 2 2 2 2 9 2 2 2 9 9 9 9 2 3 3 9 2 2 2 2 9 2 9 2 9 2 9 9 2
 2 2 2 2 2 2 2 9 2 2 2 9 2 2 2 2 2 2 2 2 3 2 2 2 9 2 2 2 9 2 9 9 2 2 9 9 2
 9 9 3 9 2 2 2 2 9 9 2 2 9 2 9 3 2 2 9 2 9 2 2 2 3 9 2 4 2 9 2 2 2 2 4 2 9
 2 9 9 3 2 9 2 9 3 2 2 2 9 2 9 2 2 2 9 2 2 4 2 9 2 3 9 2 2 2 9 4 2 2 2 2 9
 2 2 9 2 2 2 2 2 2 2 2 2 2 2 2 2 2 2 2 9 2 2 2 2 9 9 9 9 2 2 2 2 9 4 2 9 9
 9 2 9 2 2 4 3 2 9 2 2 2 3 9 2 3 9 9 2 2 9 2 4 2 2 9 9 2 2 2 2 9 9 2 2 2 2
 2 2 2 2 9 2 9 3 9 2 2 9 2 2 2 2 2 2 2 9 9 2 2 2 9 2 9 9 9 2 2 2 9 2 9 2 9
 2 2 9 2 9 9 2 2 9 2 2 2 2 3 2 2 9 2 9 9 9 9 9 9 2 3 2 9 9 2 2 2 2 2 2 9 9
 2 9 2 2 9 2 2 2 2 2 2 2 2 2 9 4 9 2 3 9 3 9 2 2 2 2 2 2 9 9 2 9 2 2 2 9 2
 9 9 9 3 2 2 2 2 2 2 2 9 2 9 2 9 2 2 2 9 9 2 9 9 2 2 2 9 9 9 9 9 2 2 2 9 2
 8 9 9 2 9 9 9 2 2 2 9 9 9 2 2 2 2 9 8 9 2 2 2 2 9]
Pre-processing time: 0.0042 seconds
Inference time: 0.0151 seconds
Post-process time: 0.0112 seconds
Total run time: 0.0335 seconds
Performance: 29.8646 FPS
 
No annotation file found for test_images\00d4b6b7-a0b1a3e0.jpg

Results for test_images\00d4b6b7-a0b1a3e0.jpg (ONNX, CPU):
bboxes of detected objects: [[0.         0.14250958 0.         0.        ]
 [0.         0.         0.08104052 1.7860119 ]
 [1.4570312  0.26578963 1.9903162  0.6155118 ]
 ...
 [0.27908012 0.5680915  0.04504386 0.6831459 ]
 [0.5421248  0.2624884  0.947287   0.18733755]
 [0.         0.21234155 0.28743443 0.08510829]]
scores of detected objects: [7.2662306  6.407201   6.397197   6.1869154  6.0989666  6.0718384
 6.051051   6.0359335  6.005783   6.001755   5.9345913  5.9167747
 5.838658   5.7703896  5.746196   5.7080793  5.66871    5.6357327
 5.6293707  5.6091175  5.60254    5.5987816  5.5926485  5.5809855
 5.543747   5.515209   5.4807496  5.442626   5.439675   5.433995
 5.432625   5.4309154  5.3912516  5.3791237  5.1811857  5.1585236
 5.1343875  5.0529914  4.9897575  4.98407    4.9786096  4.9730225
 4.9514585  4.9132185  4.911175   4.820476   4.814137   4.8077826
 4.791624   4.7852044  4.759688   4.754562   4.7391825  4.7249494
 4.7206883  4.661208   4.6534486  4.6529717  4.60093    4.5943522
 4.566384   4.5629973  4.5445695  4.5366673  4.509223   4.4984536
 4.4843283  4.4840455  4.426817   4.421751   4.4200406  4.396898
 4.382159   4.3779087  4.375687   4.3753095  4.3726354  4.3716836
 4.357187   4.3541503  4.340221   4.299648   4.2977943  4.2921267
 4.2910385  4.288313   4.2877517  4.2706685  4.250539   4.2486105
 4.2215757  4.1755433  4.1753902  4.1741896  4.1718917  4.1639957
 4.162509   4.1590047  4.158028   4.1482635  4.1170197  4.108043
 4.105263   4.1041727  4.10225    4.089632   4.0853486  4.083003
 4.052389   4.0421114  4.0337615  4.0252113  4.0089436  3.985518
 3.9781785  3.9661922  3.9654374  3.9583364  3.9267244  3.9193516
 3.9140868  3.9100823  3.9060345  3.9049287  3.8998861  3.894868
 3.8672638  3.865471   3.8551116  3.8358507  3.8173313  3.8120432
 3.8111482  3.7904663  3.7499857  3.738945   3.736858   3.733121
 3.7322426  3.7183213  3.717197   3.7068343  3.698721   3.6935363
 3.6890044  3.6742826  3.6693335  3.6587758  3.6571493  3.650546
 3.6502628  3.6256766  3.6254702  3.5936308  3.5845366  3.5828743
 3.5828266  3.5649433  3.5625858  3.5547528  3.5510678  3.5404887
 3.5357842  3.5267038  3.517459   3.5121822  3.4982233  3.4970322
 3.4909406  3.4825687  3.4815698  3.464901   3.4626083  3.4453664
 3.4259114  3.4243727  3.4165545  3.4162552  3.4114852  3.398141
 3.374505   3.3742762  3.371251   3.3699818  3.3564854  3.3305194
 3.3194113  3.3123727  3.3093681  3.3043556  3.3015876  3.3008122
 3.289289   3.2861433  3.2774725  3.276824   3.2712164  3.2709832
 3.2560058  3.252962   3.2446837  3.24019    3.2329173  3.2313118
 3.2207885  3.2201133  3.2123642  3.210228   3.2065935  3.2056746
 3.2012243  3.199853   3.185782   3.183012   3.1823535  3.1793175
 3.1776886  3.1747308  3.1600637  3.1559064  3.148755   3.141199
 3.114224   3.1114826  3.110374   3.095357   3.091465   3.0911808
 3.088232   3.0812678  3.0768723  3.0765986  3.0547142  3.0487804
 3.0481029  3.0466547  3.038497   3.0384007  3.023931   3.0194712
 3.0121317  3.011293   3.0051155  2.9946465  2.9920387  2.9900603
 2.986248   2.98622    2.9834867  2.9818077  2.9788637  2.9643807
 2.9590664  2.9437547  2.93814    2.926374   2.9219217  2.9211864
 2.9062548  2.8818336  2.8811092  2.8672395  2.8572216  2.847612
 2.8361073  2.829421   2.8115602  2.767971   2.7674994  2.7620602
 2.756887   2.7535486  2.702076   2.7018814  2.6987085  2.6973367
 2.6969924  2.677609   2.673934   2.6683784  2.655044   2.6448145
 2.6288657  2.6280074  2.6226306  2.6102428  2.6006603  2.583116
 2.5796032  2.5767593  2.576035   2.5733595  2.5721002  2.5607367
 2.5587282  2.5409188  2.5372357  2.536171   2.5343246  2.533162
 2.5265818  2.5252638  2.5205297  2.5154529  2.5090184  2.4978418
 2.4975853  2.483018   2.4804554  2.4742599  2.4682908  2.451995
 2.4468465  2.4298282  2.4273553  2.4244146  2.4041948  2.3972936
 2.3967505  2.379116   2.3692183  2.3527079  2.3462799  2.345841
 2.3408093  2.3365946  2.3348827  2.3283887  2.3275247  2.323204
 2.3216023  2.3187366  2.315979   2.3103108  2.298858   2.295208
 2.2950115  2.2947655  2.284647   2.272911   2.265792   2.26503
 2.2455854  2.231524   2.2284732  2.2194762  2.1956809  2.1934166
 2.184669   2.1810718  2.1689243  2.161919   2.1540713  2.1511998
 2.1493373  2.1477938  2.1477299  2.1466966  2.1413572  2.1106505
 2.1058903  2.08995    2.0818634  2.0812273  2.080051   2.0780344
 2.0737443  2.0644639  2.0642269  2.0554008  2.0528028  2.0397685
 2.039164   2.0388312  2.035983   2.0311708  2.0151098  1.9845419
 1.9789414  1.9783931  1.9764066  1.9636941  1.9340124  1.9330292
 1.9299226  1.9257936  1.9241271  1.9205585  1.9182124  1.907475
 1.9016461  1.8975539  1.8961296  1.8930802  1.8885942  1.8849788
 1.8844585  1.88414    1.8812962  1.8696985  1.8679059  1.8663328
 1.86621    1.8642311  1.8625116  1.8603661  1.8587017  1.8500843
 1.8495889  1.8438072  1.8393545  1.8372569  1.8325696  1.8314476
 1.8273845  1.8247623  1.821742   1.8144126  1.8096199  1.7963576
 1.7897582  1.7868774  1.7849259  1.7639747  1.7581387  1.7428637
 1.7368174  1.7303672  1.7297101  1.728725   1.7260942  1.7176323
 1.7112956  1.7047453  1.7001748  1.6947904  1.6894805  1.6855493
 1.6852384  1.684566   1.674298   1.6649451  1.659749   1.6523745
 1.6461403  1.644238   1.6398106  1.6359234  1.6353722  1.6308844
 1.622756   1.6185277  1.6149492  1.6148276  1.6139722  1.6125526
 1.6116891  1.6105978  1.6086974  1.6012533  1.5998518  1.5986006
 1.5978103  1.592289   1.5920548  1.5910761  1.5716386  1.5615995
 1.5601609  1.5576553  1.5503931  1.5460105  1.5452368  1.5394874
 1.5343046  1.5339165  1.5317774  1.531105   1.5295982  1.5291405
 1.5167098  1.515104   1.514895   1.5068314  1.5030894  1.5030565
 1.5022395  1.5011091  1.4986424  1.4963074  1.4944127  1.4827967
 1.4754484  1.4719901  1.470048   1.465817   1.4584813  1.4483044
 1.4408836  1.4360461  1.423523   1.4214644  1.4141622  1.4115026
 1.3968871  1.3964443  1.3897791  1.3858085  1.3823671  1.3799028
 1.377698   1.3761325  1.3730466  1.3683367  1.3645735  1.3602505
 1.3600283  1.3570948  1.3549309  1.354269   1.3535657  1.3526654
 1.3490243  1.3405142  1.3284867  1.3264263  1.3241718  1.3181176
 1.3162451  1.3134453  1.3122072  1.3096683  1.3074245  1.3064451
 1.3022289  1.3001966  1.2991819  1.2931869  1.2892084  1.2870395
 1.2863109  1.2849345  1.2724798  1.2588072  1.2547822  1.2488022
 1.2483821  1.2406936  1.2376776  1.2293725  1.2282541  1.2205887
 1.2123885  1.211565   1.2044015  1.1962848  1.1956255  1.1861267
 1.1795487  1.1754098  1.1698928  1.1684568  1.1672289  1.1668797
 1.1596289  1.1566994  1.1515307  1.1461983  1.1386881  1.1353121
 1.1328824  1.1266336  1.1246364  1.123682   1.116684   1.1103623
 1.1083426  1.1070457  1.104913   1.1038194  1.1025991  1.0999115
 1.0928481  1.0907807  1.077079   1.0749617  1.0723865  1.0674577
 1.0666914  1.0659144  1.0607586  1.0550098  1.0540833  1.0523167
 1.0468831  1.0465021  1.0422683  1.0412049  1.0290651  1.0254152
 1.0241342  1.0181456  1.01511    1.0108337  0.992718   0.9872894
 0.9858594  0.9841871  0.9793265  0.97737503 0.9763353  0.9745889
 0.95780563 0.9528532  0.9437852  0.9408078  0.93889713 0.935801
 0.93565226 0.92936945 0.92774725 0.92445827 0.9171274  0.9164691
 0.9130409  0.90330696 0.8995273  0.89657307 0.894346   0.892957
 0.8889067  0.88499284 0.8825748  0.8824074  0.8694408  0.8654561
 0.8604996  0.8584969  0.83306074 0.82898116 0.8288026  0.82724094
 0.82065296 0.81660604 0.81487155 0.81464815 0.8138397  0.8122232
 0.80069995 0.79482937 0.7912276  0.78930664 0.7888646  0.7873516
 0.78130245 0.77584696 0.77457595 0.7739847  0.76961946 0.76704645
 0.76075554 0.75876784 0.75860095 0.75823927 0.75306535 0.75106597
 0.7507715  0.7502868  0.74459743 0.7416396  0.7413187  0.74037313
 0.739393   0.73357534 0.7293651  0.72454524 0.7199216  0.71518993
 0.71481013 0.7118845  0.7029042  0.7000854  0.6925807  0.6923897
 0.6811993  0.6768584  0.6701882  0.66189337 0.6593313  0.65141964
 0.6465771  0.6454005  0.6443031  0.6441169  0.640306   0.6362536
 0.6343713  0.6336019  0.6327808  0.63261867 0.62869334 0.6234789
 0.6173446  0.60378265 0.60156274 0.5939555  0.593709   0.59039855
 0.5899534  0.5853441  0.58129716 0.5800605  0.5786226  0.5663471
 0.5611141  0.55861473 0.55488753 0.55269647 0.5525322  0.5468731
 0.5339296  0.5175495  0.51666594 0.5052841  0.50287986 0.50226307
 0.5004597  0.49746346 0.49737167 0.4910202  0.47366202 0.46946716
 0.46904874 0.46846986 0.46057832 0.44776487 0.44249463 0.43592453
 0.43551612 0.43551445 0.43464208 0.43208003 0.42244315 0.4204023
 0.40872455 0.40523052 0.4049344  0.3991871  0.39733648 0.3948562
 0.39466262 0.39325356 0.38968587 0.38708496 0.38695693 0.3862059
 0.37980127 0.37783623 0.37510705 0.36763668 0.3650391  0.35928535
 0.3592198  0.3556552  0.34429693 0.33969975 0.33723712 0.33022857
 0.32650375 0.3216288  0.32160378 0.31968403 0.31468773 0.30433154
 0.2982347  0.29721737 0.29404402 0.28728533 0.28638077 0.28493905
 0.28280854 0.27989388 0.27669358 0.27158833 0.25836396 0.25324154
 0.2519889  0.2511704 ]
Details of detected objects: [9 2 9 2 9 9 9 9 2 2 2 9 2 9 2 2 2 2 9 9 9 2 2 9 2 2 9 2 9 2 2 2 2 2 9 9 2
 2 9 2 2 2 9 2 2 9 9 2 2 9 9 9 9 2 9 2 2 2 9 2 9 2 9 9 2 9 2 9 2 9 2 9 9 9
 9 9 9 2 2 2 9 9 2 2 9 2 2 2 9 9 2 9 9 9 9 9 9 9 2 2 2 2 9 9 9 9 2 9 9 9 2
 2 9 9 9 9 9 2 9 2 9 2 2 2 2 9 2 2 9 9 2 9 9 9 9 9 2 9 9 2 9 9 9 9 9 9 9 9
 9 2 2 2 2 9 2 2 9 9 9 9 3 2 9 2 9 9 9 9 2 9 2 2 9 9 9 9 9 2 2 9 2 2 9 2 2
 2 9 9 9 2 2 9 2 9 9 2 9 9 9 2 9 9 2 9 9 9 2 9 9 9 2 2 9 9 2 2 9 9 9 2 2 9
 9 9 2 9 9 9 9 9 9 9 9 2 9 9 9 2 9 2 2 9 9 2 9 9 2 2 2 9 9 2 9 2 9 9 9 2 9
 9 9 9 9 9 9 9 9 9 9 2 9 9 2 9 9 9 9 9 9 9 9 2 2 9 2 9 9 2 2 9 2 2 9 2 9 9
 9 9 9 2 9 2 2 2 2 9 9 9 2 9 2 9 9 9 2 2 2 9 9 9 9 9 2 9 9 2 9 9 9 2 2 9 2
 9 2 9 9 9 2 9 9 2 9 9 2 2 2 9 9 2 3 9 9 9 9 2 2 2 2 9 9 2 2 9 2 9 9 2 2 9
 2 2 9 2 2 9 2 2 9 9 9 9 9 9 9 9 9 9 9 9 9 9 9 9 9 9 2 9 9 9 2 2 3 2 9 2 9
 3 9 9 2 2 9 9 9 2 9 9 9 9 3 2 9 9 9 9 2 9 8 9 9 9 9 2 9 9 2 8 9 9 2 9 2 2
 9 2 2 9 9 2 2 2 2 9 9 9 2 2 3 2 9 2 2 2 9 2 9 2 9 9 9 2 2 9 2 9 9 3 9 9 2
 9 9 9 9 9 2 9 2 3 9 9 9 2 2 2 9 9 2 9 2 9 9 9 9 9 3 9 2 3 9 2 2 9 9 9 9 9
 2 2 2 9 2 9 9 9 9 2 2 2 9 9 9 9 2 2 9 9 2 2 9 2 9 2 2 9 2 9 2 2 9 9 2 9 2
 9 2 9 9 2 2 9 2 9 2 9 3 9 2 2 2 2 9 9 9 2 9 9 9 9 2 9 9 9 2 2 9 2 9 2 9 9
 9 9 9 9 2 9 2 2 7 9 2 2 9 2 9 9 2 9 9 2 9 2 9 2 9 9 9 2 2 9 2 9 2 9 2 9 8
 9 8 9 2 9 2 9 9 9 9 3 9 9 2 9 9 9 2 9 2 9 2 9 9 9 9 2 2 2 2 0 9 9 2 2 9 9
 9 2 9 2 9 0 9 3 9 9 9 2 9 9 2 2 9 2 2 9 2 9 2 2 9 2 2 9 9 9 8 9 3 9 3 9 2
 8 9 9 9 9 2 9 9 2 9 9 9 9 9 9 9 9 9 9 9 2 9 2 9 2 2 3 2 2 9 9 2 9 2 2 9 9
 3 8 2 9 2 3 9 3 9 2 2 3 9 2 9 9 9 9 2 9 9 2 9 9 9 9 0 7 9 9 9 2 9 2 9 9 9
 3 9 2 2 7 2 0 3 3 2 9]
Pre-processing time: 0.0041 seconds
Inference time: 0.0161 seconds
Post-process time: 0.0152 seconds
Total run time: 0.0384 seconds
Performance: 26.0576 FPS
 

Processed 6 out of 6 images

Average Performance Metrics (ONNX, CPU):
Average FPS: 26.5058
Average Pre-processing time: 0.0037 seconds
Average Inference time: 0.0160 seconds
Average Post-process time: 0.0155 seconds

mAP Metrics (ONNX, CPU):
mAP@0.5: 0.0000
mAP@0.5:0.95: 0.0000
